     .3650300800800E+00     .8394473195076E+00     .4025931060314E+00
     .6538478136063E+00     .7472617626190E+00     .1186715736985E+00
     .5859487652779E+00     .7275673151016E+00     .3568050563335E+00
     .6784005761147E+00     .5559618473053E+00     .4802905917168E+00
     .5257310867310E+00     .8506507873535E+00     .0000000000000E+00
     .0000000000000E+00     .5257310867310E+00    -.8506507873535E+00
    -.5257310867310E+00     .8506507873535E+00     .0000000000000E+00
     .0000000000000E+00     .5257310867310E+00     .8506507873535E+00
     .8506507873535E+00     .0000000000000E+00     .5257310867310E+00
    -.8506507873535E+00     .0000000000000E+00     .5257310867310E+00
     .0000000000000E+00    -.5257310867310E+00     .8506507873535E+00
    -.8506507873535E+00     .0000000000000E+00    -.5257310867310E+00
    -.5257310867310E+00    -.8506507873535E+00     .0000000000000E+00
     .8506507873535E+00     .0000000000000E+00    -.5257310867310E+00
     .5257310867310E+00    -.8506507873535E+00     .0000000000000E+00
     .0000000000000E+00    -.5257310867310E+00    -.8506507873535E+00
     .4025931060314E+00     .3650300800800E+00    -.8394473195076E+00
     .5510000233855E-09     .3431615829468E+00    -.9392763972282E+00
     .2205176651478E+00     .2291436791420E+00    -.9480850100517E+00
     .2211646437645E+00     .8530000039642E-09    -.9752364754677E+00
    -.3650300800800E+00     .8394473195076E+00    -.4025931060314E+00
    -.6538478136063E+00     .7472617626190E+00    -.1186715736985E+00
    -.5859487652779E+00     .7275673151016E+00    -.3568050563335E+00
    -.6784005761147E+00     .5559618473053E+00    -.4802905917168E+00
    -.4025931060314E+00     .3650300800800E+00     .8394473195076E+00
    -.5510000233855E-09     .3431615829468E+00     .9392763972282E+00
    -.2205176651478E+00     .2291436791420E+00     .9480850100517E+00
    -.2211646437645E+00     .8530000039642E-09     .9752364754677E+00
     .7676231861115E+00     .5906310677528E+00     .2488162368536E+00
     .6538478136063E+00     .7472617626190E+00    -.1186715736985E+00
     .8064664006233E+00     .5912799239159E+00     .3670000137124E-09
     .8995652198792E+00     .4192745983601E+00    -.1224386915565E+00
    -.1162138655782E+00     .9932242035866E+00     .2420000033698E-09
    -.4618331491947E+00     .8659332990646E+00    -.1920146346092E+00
    -.2291436791420E+00     .9480850100517E+00    -.2205176651478E+00
    -.1224386915565E+00     .8995652198792E+00    -.4192745983601E+00
    -.2488162368536E+00     .7676231861115E+00     .5906310677528E+00
    -.1920146346092E+00     .4618331491947E+00     .8659332990646E+00
    -.3568050563335E+00     .5859487652779E+00     .7275673151016E+00
    -.5559618473053E+00     .4802905917168E+00     .6784005761147E+00
     .5906310677528E+00    -.2488162368536E+00     .7676231861115E+00
     .8659332990646E+00    -.1920146346092E+00     .4618331491947E+00
     .7275673151016E+00    -.3568050563335E+00     .5859487652779E+00
     .6784005761147E+00    -.5559618473053E+00     .4802905917168E+00
    -.9932242035866E+00     .2420000033698E-09     .1162138655782E+00
    -.8659332990646E+00    -.1920146346092E+00     .4618331491947E+00
    -.9480850100517E+00    -.2205176651478E+00     .2291436791420E+00
    -.8995652198792E+00    -.4192745983601E+00     .1224386915565E+00
     .7676231861115E+00     .5906310677528E+00    -.2488162368536E+00
     .4618331491947E+00     .8659332990646E+00    -.1920146346092E+00
     .5859487652779E+00     .7275673151016E+00    -.3568050563335E+00
     .4802905917168E+00     .6784005761147E+00    -.5559618473053E+00
     .2488162368536E+00     .7676231861115E+00     .5906310677528E+00
    -.1186715736985E+00     .6538478136063E+00     .7472617626190E+00
     .3670000137124E-09     .8064664006233E+00     .5912799239159E+00
    -.1224386915565E+00     .8995652198792E+00     .4192745983601E+00
    -.4025931060314E+00    -.3650300800800E+00     .8394473195076E+00
    -.1186715736985E+00    -.6538478136063E+00     .7472617626190E+00
    -.3568050563335E+00    -.5859487652779E+00     .7275673151016E+00
    -.4802905917168E+00    -.6784005761147E+00     .5559618473053E+00
     .8394473195076E+00    -.4025931060314E+00     .3650300800800E+00
     .9392763972282E+00    -.5510000233855E-09     .3431615829468E+00
     .9480850100517E+00    -.2205176651478E+00     .2291436791420E+00
     .9752364754677E+00    -.2211646437645E+00     .8530000039642E-09
     .4025931060314E+00     .3650300800800E+00     .8394473195076E+00
     .1186715736985E+00     .6538478136063E+00     .7472617626190E+00
     .3568050563335E+00     .5859487652779E+00     .7275673151016E+00
     .4802905917168E+00     .6784005761147E+00     .5559618473053E+00
     .2420000033698E-09    -.1162138655782E+00     .9932242035866E+00
    -.1920146346092E+00    -.4618331491947E+00     .8659332990646E+00
    -.2205176651478E+00    -.2291436791420E+00     .9480850100517E+00
    -.4192745983601E+00    -.1224386915565E+00     .8995652198792E+00
    -.2420000033698E-09     .1162138655782E+00     .9932242035866E+00
     .1920146346092E+00     .4618331491947E+00     .8659332990646E+00
     .2205176651478E+00     .2291436791420E+00     .9480850100517E+00
     .4192745983601E+00     .1224386915565E+00     .8995652198792E+00
    -.3650300800800E+00     .8394473195076E+00     .4025931060314E+00
    -.3431615829468E+00     .9392763972282E+00     .5510000233855E-09
    -.2291436791420E+00     .9480850100517E+00     .2205176651478E+00
    -.8530000039642E-09     .9752364754677E+00     .2211646437645E+00
    -.5906310677528E+00     .2488162368536E+00    -.7676231861115E+00
    -.7472617626190E+00    -.1186715736985E+00    -.6538478136063E+00
    -.5912799239159E+00     .3670000137124E-09    -.8064664006233E+00
    -.4192745983601E+00    -.1224386915565E+00    -.8995652198792E+00
    -.8394473195076E+00    -.4025931060314E+00     .3650300800800E+00
    -.7472617626190E+00    -.1186715736985E+00     .6538478136063E+00
    -.7275673151016E+00    -.3568050563335E+00     .5859487652779E+00
    -.5559618473053E+00    -.4802905917168E+00     .6784005761147E+00
    -.7676231861115E+00     .5906310677528E+00     .2488162368536E+00
    -.4618331491947E+00     .8659332990646E+00     .1920146346092E+00
    -.5859487652779E+00     .7275673151016E+00     .3568050563335E+00
    -.4802905917168E+00     .6784005761147E+00     .5559618473053E+00
    -.8394473195076E+00     .4025931060314E+00    -.3650300800800E+00
    -.7472617626190E+00     .1186715736985E+00    -.6538478136063E+00
    -.7275673151016E+00     .3568050563335E+00    -.5859487652779E+00
    -.5559618473053E+00     .4802905917168E+00    -.6784005761147E+00
    -.3650300800800E+00    -.8394473195076E+00    -.4025931060314E+00
    -.3431615829468E+00    -.9392763972282E+00    -.5510000233855E-09
    -.2291436791420E+00    -.9480850100517E+00    -.2205176651478E+00
    -.8530000039642E-09    -.9752364754677E+00    -.2211646437645E+00
     .5906310677528E+00     .2488162368536E+00     .7676231861115E+00
     .7472617626190E+00    -.1186715736985E+00     .6538478136063E+00
     .5912799239159E+00     .3670000137124E-09     .8064664006233E+00
     .4192745983601E+00    -.1224386915565E+00     .8995652198792E+00
     .8394473195076E+00    -.4025931060314E+00    -.3650300800800E+00
     .7472617626190E+00    -.1186715736985E+00    -.6538478136063E+00
     .7275673151016E+00    -.3568050563335E+00    -.5859487652779E+00
     .5559618473053E+00    -.4802905917168E+00    -.6784005761147E+00
     .3650300800800E+00     .8394473195076E+00    -.4025931060314E+00
     .3431615829468E+00     .9392763972282E+00    -.5510000233855E-09
     .2291436791420E+00     .9480850100517E+00    -.2205176651478E+00
     .8530000039642E-09     .9752364754677E+00    -.2211646437645E+00
     .8394473195076E+00     .4025931060314E+00     .3650300800800E+00
     .7472617626190E+00     .1186715736985E+00     .6538478136063E+00
     .7275673151016E+00     .3568050563335E+00     .5859487652779E+00
     .5559618473053E+00     .4802905917168E+00     .6784005761147E+00
     .9932242035866E+00     .2420000033698E-09    -.1162138655782E+00
     .8659332990646E+00    -.1920146346092E+00    -.4618331491947E+00
     .9480850100517E+00    -.2205176651478E+00    -.2291436791420E+00
     .8995652198792E+00    -.4192745983601E+00    -.1224386915565E+00
     .2420000033698E-09     .1162138655782E+00    -.9932242035866E+00
    -.1920146346092E+00     .4618331491947E+00    -.8659332990646E+00
    -.2205176651478E+00     .2291436791420E+00    -.9480850100517E+00
    -.4192745983601E+00     .1224386915565E+00    -.8995652198792E+00
     .3650300800800E+00    -.8394473195076E+00     .4025931060314E+00
     .3431615829468E+00    -.9392763972282E+00     .5510000233855E-09
     .2291436791420E+00    -.9480850100517E+00     .2205176651478E+00
     .8530000039642E-09    -.9752364754677E+00     .2211646437645E+00
    -.8394473195076E+00     .4025931060314E+00     .3650300800800E+00
    -.9392763972282E+00     .5510000233855E-09     .3431615829468E+00
    -.9480850100517E+00     .2205176651478E+00     .2291436791420E+00
    -.9752364754677E+00     .2211646437645E+00     .8530000039642E-09
    -.2488162368536E+00    -.7676231861115E+00     .5906310677528E+00
     .1186715736985E+00    -.6538478136063E+00     .7472617626190E+00
    -.3670000137124E-09    -.8064664006233E+00     .5912799239159E+00
     .1224386915565E+00    -.8995652198792E+00     .4192745983601E+00
    -.5906310677528E+00     .2488162368536E+00     .7676231861115E+00
    -.8659332990646E+00     .1920146346092E+00     .4618331491947E+00
    -.7275673151016E+00     .3568050563335E+00     .5859487652779E+00
    -.6784005761147E+00     .5559618473053E+00     .4802905917168E+00
    -.7676231861115E+00    -.5906310677528E+00    -.2488162368536E+00
    -.4618331491947E+00    -.8659332990646E+00    -.1920146346092E+00
    -.5859487652779E+00    -.7275673151016E+00    -.3568050563335E+00
    -.4802905917168E+00    -.6784005761147E+00    -.5559618473053E+00
     .2488162368536E+00    -.7676231861115E+00     .5906310677528E+00
     .1920146346092E+00    -.4618331491947E+00     .8659332990646E+00
     .3568050563335E+00    -.5859487652779E+00     .7275673151016E+00
     .5559618473053E+00    -.4802905917168E+00     .6784005761147E+00
    -.5906310677528E+00    -.2488162368536E+00     .7676231861115E+00
    -.7472617626190E+00     .1186715736985E+00     .6538478136063E+00
    -.5912799239159E+00    -.3670000137124E-09     .8064664006233E+00
    -.4192745983601E+00     .1224386915565E+00     .8995652198792E+00
     .1162138655782E+00    -.9932242035866E+00     .2420000033698E-09
     .4618331491947E+00    -.8659332990646E+00    -.1920146346092E+00
     .2291436791420E+00    -.9480850100517E+00    -.2205176651478E+00
     .1224386915565E+00    -.8995652198792E+00    -.4192745983601E+00
     .9932242035866E+00    -.2420000033698E-09     .1162138655782E+00
     .8659332990646E+00     .1920146346092E+00     .4618331491947E+00
     .9480850100517E+00     .2205176651478E+00     .2291436791420E+00
     .8995652198792E+00     .4192745983601E+00     .1224386915565E+00
     .4025931060314E+00    -.3650300800800E+00     .8394473195076E+00
     .5510000233855E-09    -.3431615829468E+00     .9392763972282E+00
     .2205176651478E+00    -.2291436791420E+00     .9480850100517E+00
     .2211646437645E+00    -.8530000039642E-09     .9752364754677E+00
     .5906310677528E+00    -.2488162368536E+00    -.7676231861115E+00
     .7472617626190E+00     .1186715736985E+00    -.6538478136063E+00
     .5912799239159E+00    -.3670000137124E-09    -.8064664006233E+00
     .4192745983601E+00     .1224386915565E+00    -.8995652198792E+00
    -.7676231861115E+00    -.5906310677528E+00     .2488162368536E+00
    -.6538478136063E+00    -.7472617626190E+00    -.1186715736985E+00
    -.8064664006233E+00    -.5912799239159E+00     .3670000137124E-09
    -.8995652198792E+00    -.4192745983601E+00    -.1224386915565E+00
     .7676231861115E+00    -.5906310677528E+00     .2488162368536E+00
     .4618331491947E+00    -.8659332990646E+00     .1920146346092E+00
     .5859487652779E+00    -.7275673151016E+00     .3568050563335E+00
     .4802905917168E+00    -.6784005761147E+00     .5559618473053E+00
    -.2488162368536E+00    -.7676231861115E+00    -.5906310677528E+00
    -.1920146346092E+00    -.4618331491947E+00    -.8659332990646E+00
    -.3568050563335E+00    -.5859487652779E+00    -.7275673151016E+00
    -.5559618473053E+00    -.4802905917168E+00    -.6784005761147E+00
     .2488162368536E+00     .7676231861115E+00    -.5906310677528E+00
     .1920146346092E+00     .4618331491947E+00    -.8659332990646E+00
     .3568050563335E+00     .5859487652779E+00    -.7275673151016E+00
     .5559618473053E+00     .4802905917168E+00    -.6784005761147E+00
    -.5906310677528E+00    -.2488162368536E+00    -.7676231861115E+00
    -.8659332990646E+00    -.1920146346092E+00    -.4618331491947E+00
    -.7275673151016E+00    -.3568050563335E+00    -.5859487652779E+00
    -.6784005761147E+00    -.5559618473053E+00    -.4802905917168E+00
    -.7676231861115E+00     .5906310677528E+00    -.2488162368536E+00
    -.6538478136063E+00     .7472617626190E+00     .1186715736985E+00
    -.8064664006233E+00     .5912799239159E+00    -.3670000137124E-09
    -.8995652198792E+00     .4192745983601E+00     .1224386915565E+00
    -.2488162368536E+00     .7676231861115E+00    -.5906310677528E+00
     .1186715736985E+00     .6538478136063E+00    -.7472617626190E+00
    -.3670000137124E-09     .8064664006233E+00    -.5912799239159E+00
     .1224386915565E+00     .8995652198792E+00    -.4192745983601E+00
     .4025931060314E+00    -.3650300800800E+00    -.8394473195076E+00
     .1186715736985E+00    -.6538478136063E+00    -.7472617626190E+00
     .3568050563335E+00    -.5859487652779E+00    -.7275673151016E+00
     .4802905917168E+00    -.6784005761147E+00    -.5559618473053E+00
    -.8394473195076E+00    -.4025931060314E+00    -.3650300800800E+00
    -.9392763972282E+00    -.5510000233855E-09    -.3431615829468E+00
    -.9480850100517E+00    -.2205176651478E+00    -.2291436791420E+00
    -.9752364754677E+00    -.2211646437645E+00    -.8530000039642E-09
    -.4025931060314E+00     .3650300800800E+00    -.8394473195076E+00
    -.1186715736985E+00     .6538478136063E+00    -.7472617626190E+00
    -.3568050563335E+00     .5859487652779E+00    -.7275673151016E+00
    -.4802905917168E+00     .6784005761147E+00    -.5559618473053E+00
     .8394473195076E+00     .4025931060314E+00    -.3650300800800E+00
     .9392763972282E+00     .5510000233855E-09    -.3431615829468E+00
     .9480850100517E+00     .2205176651478E+00    -.2291436791420E+00
     .9752364754677E+00     .2211646437645E+00    -.8530000039642E-09
     .2488162368536E+00    -.7676231861115E+00    -.5906310677528E+00
    -.1186715736985E+00    -.6538478136063E+00    -.7472617626190E+00
     .3670000137124E-09    -.8064664006233E+00    -.5912799239159E+00
    -.1224386915565E+00    -.8995652198792E+00    -.4192745983601E+00
     .5906310677528E+00     .2488162368536E+00    -.7676231861115E+00
     .8659332990646E+00     .1920146346092E+00    -.4618331491947E+00
     .7275673151016E+00     .3568050563335E+00    -.5859487652779E+00
     .6784005761147E+00     .5559618473053E+00    -.4802905917168E+00
    -.9932242035866E+00    -.2420000033698E-09    -.1162138655782E+00
    -.8659332990646E+00     .1920146346092E+00    -.4618331491947E+00
    -.9480850100517E+00     .2205176651478E+00    -.2291436791420E+00
    -.8995652198792E+00     .4192745983601E+00    -.1224386915565E+00
    -.2420000033698E-09    -.1162138655782E+00    -.9932242035866E+00
     .1920146346092E+00    -.4618331491947E+00    -.8659332990646E+00
     .2205176651478E+00    -.2291436791420E+00    -.9480850100517E+00
     .4192745983601E+00    -.1224386915565E+00    -.8995652198792E+00
     .3650300800800E+00    -.8394473195076E+00    -.4025931060314E+00
     .6538478136063E+00    -.7472617626190E+00    -.1186715736985E+00
     .5859487652779E+00    -.7275673151016E+00    -.3568050563335E+00
     .6784005761147E+00    -.5559618473053E+00    -.4802905917168E+00
    -.3650300800800E+00    -.8394473195076E+00     .4025931060314E+00
    -.6538478136063E+00    -.7472617626190E+00     .1186715736985E+00
    -.5859487652779E+00    -.7275673151016E+00     .3568050563335E+00
    -.6784005761147E+00    -.5559618473053E+00     .4802905917168E+00
    -.1162138655782E+00    -.9932242035866E+00    -.2420000033698E-09
    -.4618331491947E+00    -.8659332990646E+00     .1920146346092E+00
    -.2291436791420E+00    -.9480850100517E+00     .2205176651478E+00
    -.1224386915565E+00    -.8995652198792E+00     .4192745983601E+00
     .1162138655782E+00     .9932242035866E+00    -.2420000033698E-09
     .4618331491947E+00     .8659332990646E+00     .1920146346092E+00
     .2291436791420E+00     .9480850100517E+00     .2205176651478E+00
     .1224386915565E+00     .8995652198792E+00     .4192745983601E+00
    -.4025931060314E+00    -.3650300800800E+00    -.8394473195076E+00
    -.5510000233855E-09    -.3431615829468E+00    -.9392763972282E+00
    -.2205176651478E+00    -.2291436791420E+00    -.9480850100517E+00
    -.2211646437645E+00    -.8530000039642E-09    -.9752364754677E+00
     .7676231861115E+00    -.5906310677528E+00    -.2488162368536E+00
     .6538478136063E+00    -.7472617626190E+00     .1186715736985E+00
     .8064664006233E+00    -.5912799239159E+00    -.3670000137124E-09
     .8995652198792E+00    -.4192745983601E+00     .1224386915565E+00
